1 1 0
1 2 5.92331
1 3 20.1363
1 4 3.00525
1 5 10.2728
1 6 18.2152
1 7 11.0245
1 8 16.137
1 9 3.87916
1 10 15.795
1 11 22.5149
1 12 10.7526
1 13 7.63675
1 14 8.13565
1 15 21.5843
1 16 9.95649
1 17 12.9114
1 18 2.3573
1 19 19.5575
1 20 8.05066
1 21 5.7472
1 22 14.1238
1 23 19.3052
1 24 13.5957
1 25 17.7822
1 26 10.9468
1 27 15.3059
1 28 11.6871
1 29 21.2628
1 30 8.45303
1 31 3.74424
1 32 15.4567
1 33 6.70837
1 34 13.8591
1 35 9.6814
1 36 22.011
1 37 7.42229
1 38 15.4087
1 39 4.5938
1 40 15.5871
1 41 10.7291
1 42 20.8171
1 43 12.7486
1 44 2.45548
1 45 0.122298
1 46 14.2881
1 47 11.4497
1 48 18.2714
1 49 17.1508
1 50 15.516
1 51 18.8985
1 52 4.18374
1 53 12.6109
1 54 16.2769
1 55 18.0941
1 56 13.9107
1 57 10.537
1 58 22.395
1 59 13.2692
1 60 7.98586
1 61 11.6212
1 62 7.88392
1 63 16.6695
1 64 14.93
1 65 16.6609
1 66 19.8133
1 67 13.877
1 68 13.8115
1 69 5.55908
1 70 16.8946
1 71 13.4546
1 72 17.2711
1 73 7.6079
1 74 9.46181
1 75 15.1279
1 76 16.1379
1 77 12.1797
1 78 1.72327
1 79 12.9434
1 80 10.0676
1 81 11.2145
1 82 10.4397
1 83 7.80245
1 84 8.07957
1 85 5.28865
1 86 15.1982
1 87 23.627
1 88 9.65862
1 89 14.1376
1 90 5.54408
1 91 5.45262
1 92 23.4501
1 93 17.8111
1 94 6.78385
1 95 10.5762
1 96 15.9179
1 97 9.98875
1 98 20.594
1 99 3.46892
1 100 11.9663
2 1 5.92331
2 2 0
2 3 18.332
2 4 5.9292
2 5 16.1865
2 6 13.2792
2 7 7.72446
2 8 12.2345
2 9 9.75808
2 10 15.5554
2 11 19.1804
2 12 6.31303
2 13 7.40523
2 14 12.8851
2 15 22.9527
2 16 11.4844
2 17 16.2314
2 18 8.21384
2 19 18.1797
2 20 4.79986
2 21 2.3521
2 22 10.3304
2 23 19.1568
2 24 8.46128
2 25 16.9002
2 26 13.9758
2 27 18.3961
2 28 7.20036
2 29 17.2828
2 30 13.7118
2 31 6.75891
2 32 16.4625
2 33 2.554
2 34 13.6603
2 35 4.53419
2 36 22.6938
2 37 5.53484
2 38 9.75686
2 39 1.32958
2 40 11.2446
2 41 13.5208
2 42 21.7126
2 43 7.04343
2 44 7.96556
2 45 5.96913
2 46 8.6009
2 47 5.75218
2 48 16.6195
2 49 15.9148
2 50 10.9682
2 51 13.9072
2 52 4.47125
2 53 6.94342
2 54 12.8028
2 55 20.5096
2 56 17.1436
2 57 6.75007
2 58 18.2232
2 59 8.01449
2 60 7.00542
2 61 6.37705
2 62 13.1328
2 63 19.6466
2 64 14.2881
2 65 12.1938
2 66 21.3359
2 67 15.5146
2 68 7.94681
2 69 9.95038
2 70 17.2572
2 71 9.21132
2 72 16.5779
2 73 13.0707
2 74 14.4623
2 75 10.7903
2 76 13.3978
2 77 13.0743
2 78 4.58508
2 79 9.24544
2 80 4.75472
2 81 12.3952
2 82 8.06536
2 83 9.3593
2 84 9.24128
2 85 11.1907
2 86 11.4994
2 87 19.2849
2 88 6.05272
2 89 16.3708
2 90 4.99646
2 91 5.17852
2 92 18.9284
2 93 16.5911
2 94 4.97172
2 95 5.73861
2 96 12.0646
2 97 15.9067
2 98 17.1923
2 99 6.65817
2 100 14.1437
3 1 20.1363
3 2 18.332
3 3 0
3 4 22.5045
3 5 25.7893
3 6 12.0001
3 7 10.7344
3 8 8.42119
3 9 22.6898
3 10 5.89091
3 11 5.96961
3 12 23.4053
3 13 12.5006
3 14 18.706
3 15 11.5086
3 16 11.8638
3 17 15.3704
3 18 21.7877
3 19 1.47002
3 20 22.9868
3 21 20.6698
3 22 9.20429
3 23 5.45071
3 24 13.3285
3 25 3.49137
3 26 14.453
3 27 15.1729
3 28 12.3153
3 29 8.1401
3 30 20.5017
3 31 16.7106
3 32 8.9684
3 33 15.7812
3 34 7.13824
3 35 21.3014
3 36 9.29606
3 37 13.1972
3 38 15.6954
3 39 18.5775
3 40 10.0249
3 41 13.9186
3 42 9.47093
3 43 15.9902
3 44 19.6928
3 45 20.0537
3 46 15.8639
3 47 20.4529
3 48 1.87625
3 49 3.25848
3 50 10.7347
3 51 12.3307
3 52 16.1349
3 53 15.7846
3 54 7.09345
3 55 13.7473
3 56 15.2925
3 57 11.8623
3 58 9.27605
3 59 23.0985
3 60 12.2173
3 61 14.3068
3 62 20.2608
3 63 15.2115
3 64 5.77379
3 65 10.1573
3 66 11.2582
3 67 10.8009
3 68 17.3434
3 69 17.647
3 70 7.02858
3 71 25.833
3 72 4.17765
3 73 20.9925
3 74 19.8994
3 75 10.1798
3 76 5.36383
3 77 9.79388
3 78 20.4321
3 79 9.80761
3 80 21.12
3 81 10.7282
3 82 10.2979
3 83 13.1367
3 84 12.6316
3 85 22.4159
3 86 8.31267
3 87 10.5217
3 88 12.3761
3 89 12.3606
3 90 14.7721
3 91 23.2001
3 92 11.2746
3 93 2.7707
3 94 23.292
3 95 13.7391
3 96 8.37006
3 97 25.7254
3 98 5.73551
3 99 23.2088
3 100 12.3691
4 1 3.00525
4 2 5.9292
4 3 22.5045
4 4 0
4 5 11.5909
4 6 19.1369
4 7 12.6946
4 8 17.65
4 9 5.04695
4 10 18.5079
4 11 24.3501
4 12 8.92618
4 13 10.1296
4 14 10.8878
4 15 24.5586
4 16 12.8752
4 17 15.8852
4 18 3.76845
4 19 22.0416
4 20 6.0251
4 21 4.5721
4 22 15.6583
4 23 22.0683
4 24 14.3438
4 25 20.3749
4 26 13.9475
4 27 18.2879
4 28 12.8207
4 29 22.784
4 30 10.9307
4 31 6.65801
4 32 18.3701
4 33 7.70723
4 34 16.5543
4 35 8.38665
4 36 24.9189
4 37 9.39616
4 38 15.6558
4 39 4.82183
4 40 16.864
4 41 13.7343
4 42 23.7455
4 43 12.9393
4 44 5.20235
4 45 3.1267
4 46 14.4931
4 47 10.5016
4 48 20.6657
4 49 19.6472
4 50 16.6738
4 51 19.7819
4 52 6.38003
4 53 12.8526
4 54 17.9903
4 55 21.0988
4 56 16.887
4 57 11.9808
4 58 23.8205
4 59 11.7855
4 60 10.2932
4 61 12.2691
4 62 10.391
4 63 19.6551
4 64 17.5439
4 65 17.8777
4 66 22.7942
4 67 16.8445
4 68 13.6951
4 69 8.49296
4 70 19.7281
4 71 11.3533
4 72 19.9025
4 73 9.95655
4 74 12.062
4 75 16.4019
4 76 18.1455
4 77 15.0454
4 78 2.07355
4 79 14.4978
4 80 8.85316
4 81 14.1073
4 82 12.4355
4 83 10.679
4 84 10.9005
4 85 6.98044
4 86 16.7947
4 87 24.9613
4 88 11.1437
4 89 17.139
4 90 7.73306
4 91 2.87414
4 92 24.6743
4 93 20.3194
4 94 4.44223
4 95 11.4822
4 96 17.4519
4 97 11.2701
4 98 22.3854
4 99 0.759475
4 100 14.9595
5 1 10.2728
5 2 16.1865
5 3 25.7893
5 4 11.5909
5 5 0
5 6 27.4652
5 7 19.5937
5 8 24.5516
5 9 6.60999
5 10 20.1505
5 11 29.8081
5 12 20.5111
5 13 14.8456
5 14 7.12976
5 15 22.2495
5 16 13.9292
5 17 12.1716
5 18 8.10254
5 19 24.7379
5 20 17.616
5 21 15.8163
5 22 22.6441
5 23 22.8212
5 24 23.2199
5 25 22.5933
5 26 11.8383
5 27 14.1242
5 28 20.9947
5 29 29.3757
5 30 5.36714
5 31 10.9531
5 32 18.0784
5 33 16.5545
5 34 18.6542
5 35 19.7797
5 36 23.7798
5 37 15.9866
5 38 25.383
5 39 14.8579
5 40 24.4464
5 41 12.2045
5 42 22.4283
5 43 22.8109
5 44 8.40278
5 45 10.2206
5 46 24.3106
5 47 21.682
5 48 23.9883
5 49 22.5308
5 50 24.5589
5 51 28.175
5 52 13.2204
5 53 22.6489
5 54 24.268
5 55 17.5117
5 56 12.9323
5 57 19.5268
5 58 30.6572
5 59 23.2961
5 60 15.6658
5 61 21.4179
5 62 5.53797
5 63 15.3054
5 64 20.0155
5 65 25.5563
5 66 20.5286
5 67 15.9736
5 68 23.9908
5 69 8.49866
5 70 20.137
5 71 22.91
5 72 21.9253
5 73 4.80126
5 74 6.29713
5 75 24.0186
5 76 23.4042
5 77 16.0504
5 78 11.8052
5 79 21.5264
5 80 20.2047
5 81 15.0755
5 82 18.4224
5 83 13.0168
5 84 13.5992
5 85 4.99865
5 86 23.517
5 87 32.023
5 88 18.6818
5 89 15.0938
5 90 14.1616
5 91 14.4046
5 92 32.0568
5 93 23.0571
5 94 16.0067
5 95 20.2026
5 96 24.3068
5 97 0.338017
5 98 28.1101
5 99 11.291
5 100 13.9158
6 1 18.2152
6 2 13.2792
6 3 12.0001
6 4 19.1369
6 5 27.4652
6 6 0
6 7 7.98483
6 8 4.22138
6 9 21.9568
6 10 14.2343
6 11 8.61836
6 12 15.3947
6 13 12.9331
6 14 21.6971
6 15 22.3767
6 16 15.9497
6 17 21.5388
6 18 20.528
6 19 12.959
6 20 16.4135
6 21 15.2834
6 22 5.32155
6 23 16.3982
6 24 4.82406
6 25 13.4446
6 26 19.5826
6 27 22.6184
6 28 6.54936
6 29 5.55741
6 30 23.2475
6 31 16.5133
6 32 17.2728
6 33 11.5604
6 34 13.5685
6 35 13.6469
6 36 20.6781
6 37 11.4811
6 38 5.01537
6 39 14.3153
6 40 3.30559
6 41 18.9249
6 42 20.4295
6 43 7.0016
6 44 19.2762
6 45 18.2017
6 46 5.86189
6 47 11.8004
6 48 11.4698
6 49 12.1529
6 50 2.96863
6 51 0.712904
6 52 14.3838
6 53 6.95034
6 54 5.47628
6 55 22.789
6 56 22.006
6 57 7.93855
6 58 5.83469
6 59 13.7685
6 60 12.0112
6 61 6.90812
6 62 22.7669
6 63 23.3055
6 64 12.8579
6 65 2.35554
6 66 21.5121
6 67 17.9792
6 68 7.46101
6 69 19.2385
6 70 16.3878
6 71 16.9379
6 72 13.7161
6 73 23.1444
6 74 23.3381
6 75 3.63277
6 76 7.6072
6 77 15.4509
6 78 17.4573
6 79 6.19931
6 80 13.244
6 81 15.7005
6 82 9.42789
6 83 15.3975
6 84 14.8319
6 85 22.748
6 86 5.05257
6 87 6.45409
6 88 8.7904
6 89 19.6063
6 90 13.3177
6 91 18.2684
6 92 5.8613
6 93 12.501
6 94 17.5314
6 95 7.68563
6 96 4.41995
6 97 27.2628
6 98 7.09979
6 99 19.8855
6 100 18.2182
7 1 11.0245
7 2 7.72446
7 3 10.7344
7 4 12.6946
7 5 19.5937
7 6 7.98483
7 7 0
7 8 5.12905
7 9 14.4904
7 10 9.21753
7 11 11.6587
7 12 12.7377
7 13 4.95198
7 14 13.7178
7 15 17.4912
7 16 8.39087
7 17 14.1037
7 18 13.185
7 19 10.7698
7 20 12.2705
7 21 10.0761
7 22 3.1266
7 23 12.5402
7 24 4.81369
7 25 9.86964
7 26 11.981
7 27 15.5619
7 28 2.46421
7 29 10.2392
7 30 15.2633
7 31 8.69972
7 32 11.3151
7 33 5.23494
7 34 7.6935
7 35 10.6264
7 36 16.5717
7 37 3.69855
7 38 7.73922
7 39 8.20247
7 40 4.85435
7 41 11.3372
7 42 15.8602
7 43 6.48545
7 44 11.6272
7 45 10.9821
7 46 7.19016
7 47 10.0676
7 48 9.13109
7 49 8.70367
7 50 5.02251
7 51 8.69699
7 52 6.8882
7 53 6.2409
7 54 5.30008
7 55 16.4936
7 56 14.7182
7 57 1.18169
7 58 11.3911
7 59 12.8175
7 60 4.02639
7 61 4.39681
7 62 14.7859
7 63 16.4783
7 64 7.74398
7 65 5.96394
7 66 16.1722
7 67 11.3044
7 68 8.11208
7 69 11.2703
7 70 11.2978
7 71 15.2951
7 72 9.71954
7 73 15.1809
7 74 15.3661
7 75 4.43405
7 76 5.67346
7 77 8.56598
7 78 10.7243
7 79 1.95836
7 80 10.487
7 81 8.48081
7 82 1.64549
7 83 7.48804
7 84 6.9468
7 85 15.027
7 86 4.17369
7 87 12.6618
7 88 1.67273
7 89 12.741
7 90 5.63027
7 91 12.8024
7 92 12.5693
7 93 9.34709
7 94 12.6906
7 95 3.32749
7 96 4.90315
7 97 19.4079
7 98 9.69087
7 99 13.4479
7 100 10.9607
8 1 16.137
8 2 12.2345
8 3 8.42119
8 4 17.65
8 5 24.5516
8 6 4.22138
8 7 5.12905
8 8 0
8 9 19.6164
8 10 10.0171
8 11 7.03747
8 12 16.0083
8 13 9.71561
8 14 18.3127
8 15 18.2155
8 16 12.1211
8 17 17.5678
8 18 18.3134
8 19 9.14694
8 20 16.2789
8 21 14.5132
8 22 2.01347
8 23 12.3221
8 24 5.14371
8 25 9.35288
8 26 15.7186
8 27 18.514
8 28 5.07967
8 29 5.14191
8 30 19.9641
8 31 13.762
8 32 13.059
8 33 9.97869
8 34 9.37495
8 35 13.9975
8 36 16.6148
8 37 8.81897
8 38 7.27973
8 39 12.9688
8 40 1.61331
8 41 15.0611
8 42 16.2944
8 43 7.89975
8 44 16.7334
8 45 16.0979
8 46 7.52781
8 47 12.6902
8 48 7.54794
8 49 8.0434
8 50 2.3173
8 51 4.80549
8 52 12.0163
8 53 7.72747
8 54 1.36541
8 55 18.5781
8 56 17.9733
8 57 5.6719
8 58 6.26268
8 59 15.1543
8 60 8.88769
8 61 6.63042
8 62 19.5283
8 63 19.1508
8 64 8.63663
8 65 1.92588
8 66 17.3076
8 67 13.8326
8 68 9.08043
8 69 16.1098
8 70 12.1777
8 71 18.1105
8 72 9.57165
8 73 20.0044
8 74 19.8981
8 75 1.85061
8 76 3.46944
8 77 11.3805
8 78 15.7421
8 79 3.19377
8 80 13.7084
8 81 11.724
8 82 6.12928
8 83 11.904
8 84 11.3146
8 85 20.0995
8 86 1.04611
8 87 7.54131
8 88 6.52557
8 89 15.4805
8 90 10.7536
8 91 17.413
8 92 7.50658
8 93 8.45196
8 94 17.0338
8 95 6.619
8 96 0.249815
8 97 24.3827
8 98 5.06764
8 99 18.4088
8 100 14.2132
9 1 3.87916
9 2 9.75808
9 3 22.6898
9 4 5.04695
9 5 6.60999
9 6 21.9568
9 7 14.4904
9 8 19.6164
9 9 0
9 10 17.7479
9 11 25.6797
9 12 13.9261
9 13 10.4172
9 14 6.977
9 15 22.2833
9 16 11.4288
9 17 12.6437
9 18 1.54446
9 19 21.9249
9 20 11.0495
9 21 9.2137
9 22 17.6169
9 23 21.0348
9 24 17.4112
9 25 19.9704
9 26 11.1594
9 27 15.0397
9 28 15.4083
9 29 24.6869
9 30 6.44435
9 31 6.07203
9 32 16.7054
9 33 10.5417
9 34 15.9167
9 35 13.1733
9 36 23.1408
9 37 10.7978
9 38 19.2847
9 39 8.43412
9 40 19.2034
9 41 11.1701
9 42 21.8568
9 43 16.6277
9 44 3.01462
9 45 3.85918
9 46 18.1665
9 47 15.111
9 48 20.8146
9 49 19.5418
9 50 19.1869
9 51 22.6494
9 52 7.63065
9 53 16.4893
9 54 19.615
9 55 18.1993
9 56 13.6294
9 57 14.1441
9 58 25.873
9 59 16.6865
9 60 11.0001
9 61 15.4667
9 62 5.99007
9 63 16.4087
9 64 17.1434
9 65 20.2957
9 66 20.4802
9 67 14.8324
9 68 17.6789
9 69 5.6528
9 70 18.446
9 71 16.4
9 72 19.3855
9 73 5.35139
9 74 7.71856
9 75 18.7504
9 76 19.2165
9 77 13.7708
9 78 5.24739
9 79 16.4432
9 80 13.6029
9 81 12.7379
9 82 13.6698
9 83 9.6419
9 84 10.0956
9 85 2.01104
9 86 18.6356
9 87 27.1522
9 88 13.2645
9 89 14.6455
9 90 8.86298
9 91 7.91049
9 92 27.0363
9 93 20.1663
9 94 9.48913
9 95 14.3785
9 96 19.3866
9 97 6.30122
9 98 23.8164
9 99 4.86595
9 100 12.7281
10 1 15.795
10 2 15.5554
10 3 5.89091
10 4 18.5079
10 5 20.1505
10 6 14.2343
10 7 9.21753
10 8 10.0171
10 9 17.7479
10 10 0
10 11 11.2277
10 12 21.4654
10 13 8.47908
10 14 13.0235
10 15 8.39783
10 16 6.40271
10 17 9.49605
10 18 17.073
10 19 4.65021
10 20 20.3533
10 21 17.724
10 22 9.54424
10 23 3.6185
10 24 13.466
10 25 2.46825
10 26 8.59511
10 27 9.50487
10 28 11.5429
10 29 12.3816
10 30 14.806
10 31 12.1076
10 32 3.34504
10 33 13.1057
10 34 1.95829
10 35 19.3868
10 36 7.36421
10 37 10.0212
10 38 16.3305
10 39 15.4013
10 40 11.2547
10 41 8.08783
10 42 6.66015
10 43 15.6226
10 44 14.8553
10 45 15.6945
10 46 16.0705
10 47 19.1758
10 48 4.37913
10 49 2.86469
10 50 11.8929
10 51 14.7891
10 52 12.2578
10 53 15.3822
10 54 8.78292
10 55 8.7455
10 56 9.47508
10 57 10.3635
10 58 13.715
10 59 21.9425
10 60 8.61092
10 61 13.5795
10 62 14.6146
10 63 9.76114
10 64 1.49783
10 65 11.9287
10 66 7.31678
10 67 4.94525
10 68 17.2135
10 69 12.3483
10 70 2.18991
10 71 24.1992
10 72 1.78274
10 73 15.3899
10 74 14.1152
10 75 11.1585
10 76 6.70284
10 77 4.12259
10 78 16.4723
10 79 9.43312
10 80 19.3424
10 81 5.13953
10 82 7.96682
10 83 8.13999
10 84 7.75902
10 85 17.181
10 86 9.30029
10 87 15.1223
10 88 10.4651
10 89 6.56378
10 90 11.0405
10 91 19.7934
10 92 15.6481
10 93 3.14664
10 94 20.2474
10 95 12.5384
10 96 9.83105
10 97 20.1123
10 98 10.2163
10 99 19.1386
10 100 6.49339
11 1 22.5149
11 2 19.1804
11 3 5.96961
11 4 24.3501
11 5 29.8081
11 6 8.61836
11 7 11.6587
11 8 7.03747
11 9 25.6797
11 10 11.2277
11 11 0
11 12 22.9824
11 13 15.2937
11 14 22.983
11 15 17.4493
11 16 16.1467
11 17 20.5817
11 18 24.5234
11 19 7.42434
11 20 23.3155
11 21 21.491
11 22 8.85278
11 23 11.4201
11 24 11.9583
11 25 9.15526
11 26 19.2922
11 27 20.7315
11 28 12.1024
11 29 3.19124
11 30 24.7567
11 31 19.6242
11 32 14.5346
11 33 16.817
11 34 11.843
11 35 21.0024
11 36 15.1453
11 37 15.0985
11 38 13.3984
11 39 19.8142
11 40 8.37516
11 41 18.6878
11 42 15.4165
11 43 14.6833
11 44 22.6872
11 45 22.4581
11 46 13.9858
11 47 19.5728
11 48 6.89272
11 49 8.36536
11 50 8.92531
11 51 8.62472
11 52 18.3313
11 53 14.543
11 54 6.39
11 55 19.6107
11 56 20.6599
11 57 12.4683
11 58 3.79323
11 59 21.8939
11 60 14.6807
11 61 13.6359
11 62 24.4207
11 63 20.9213
11 64 10.5411
11 65 7.83009
11 66 17.2253
11 67 16.1243
11 68 15.6169
11 69 21.347
11 70 12.7844
11 71 24.9517
11 72 9.76881
11 73 25.0484
11 74 24.3787
11 75 8.75724
11 76 6.47606
11 77 14.5037
11 78 22.3615
11 79 9.94408
11 80 20.6948
11 81 15.2583
11 82 12.0784
11 83 16.7922
11 84 16.2128
11 85 25.826
11 86 7.68278
11 87 4.76482
11 88 13.254
11 89 17.7768
11 90 16.9767
11 91 24.3469
11 92 5.65457
11 93 8.20714
11 94 24.0397
11 95 13.6479
11 96 7.17179
11 97 29.692
11 98 1.98825
11 99 25.1017
11 100 17.343
12 1 10.7526
12 2 6.31303
12 3 23.4053
12 4 8.92618
12 5 20.5111
12 6 15.3947
12 7 12.7377
12 8 16.0083
12 9 13.9261
12 10 21.4654
12 11 22.9824
12 12 0
12 13 13.6456
12 14 18.6532
12 15 29.1525
12 16 17.7917
12 17 22.4706
12 18 12.5142
12 19 23.5069
12 20 2.9178
12 21 5.07998
12 22 14.4798
12 23 25.0025
12 24 11.0572
12 25 22.5187
12 26 20.2358
12 27 24.6764
12 28 11.1778
12 29 20.4791
12 30 19.1794
12 31 12.7978
12 32 22.6619
12 33 8.44388
12 34 19.6446
12 35 2.11148
12 36 28.7415
12 37 11.5982
12 38 10.5697
12 39 7.13248
12 40 14.6075
12 41 19.8021
12 42 27.8254
12 43 8.44071
12 44 13.1756
12 45 10.8478
12 46 9.56272
12 47 3.61511
12 48 21.8614
12 49 21.4084
12 50 14.0815
12 51 15.8342
12 52 10.7247
12 53 8.53599
12 54 16.9616
12 55 26.8218
12 56 23.4011
12 57 11.5742
12 58 21.0991
12 59 3.10002
12 60 13.1414
12 61 9.3812
12 62 18.6042
12 63 25.9413
12 64 20.1035
12 65 15.2448
12 66 27.5718
12 67 21.8028
12 68 8.05805
12 69 15.8001
12 70 23.303
12 71 2.90195
12 72 22.2881
12 73 18.3601
12 74 20.1127
12 75 14.2296
12 76 18.1295
12 77 19.3077
12 78 9.03414
12 79 13.6601
12 80 2.30769
12 81 18.6718
12 82 13.5963
12 83 15.6718
12 84 15.5502
12 85 15.7702
12 86 15.5853
12 87 21.8457
12 88 11.1869
12 89 22.6834
12 90 11.305
12 91 6.21319
12 92 21.2366
12 93 22.0637
12 94 4.62048
12 95 9.68729
12 96 15.9146
12 97 20.1924
12 98 21.0501
12 99 9.30474
12 100 20.4567
13 1 7.63675
13 2 7.40523
13 3 12.5006
13 4 10.1296
13 5 14.8456
13 6 12.9331
13 7 4.95198
13 8 9.71561
13 9 10.4172
13 10 8.47908
13 11 15.2937
13 12 13.6456
13 13 0
13 14 8.76586
13 15 15.5478
13 16 4.31744
13 17 9.78142
13 18 9.36359
13 19 11.9398
13 20 12.1138
13 21 9.39262
13 22 7.85197
13 23 12.089
13 24 9.40464
13 25 10.2467
13 26 7.52643
13 27 11.6197
13 28 6.93973
13 29 14.5588
13 30 10.3273
13 31 4.34534
13 32 9.05921
13 33 5.27496
13 34 6.52372
13 35 11.6929
13 36 15.37
13 37 2.28614
13 38 12.1541
13 39 7.02535
13 40 9.74693
13 41 6.93459
13 42 14.3433
13 43 10.2188
13 44 7.40881
13 45 7.55338
13 46 11.3555
13 47 12.115
13 48 10.6346
13 49 9.53661
13 50 9.96649
13 51 13.6445
13 52 3.79013
13 53 9.98654
13 54 9.44218
13 55 13.3069
13 56 10.5485
13 57 5.27406
13 58 15.8231
13 59 14.7924
13 60 0.953954
13 61 8.22337
13 62 9.86265
13 63 12.7418
13 64 7.4262
13 65 10.8474
13 66 13.9353
13 67 8.18171
13 68 11.8054
13 69 6.39693
13 70 9.96789
13 71 16.5121
13 72 9.78725
13 73 10.3004
13 74 10.4156
13 75 9.34874
13 76 8.81875
13 77 5.6705
13 78 8.06561
13 79 6.78771
13 80 11.7732
13 81 5.04088
13 82 3.59466
13 83 2.69123
13 84 2.26266
13 85 10.5582
13 86 8.67667
13 87 17.1802
13 88 4.62971
13 89 9.21237
13 90 2.57457
13 91 11.3175
13 92 17.2154
13 93 10.2039
13 94 11.8377
13 95 6.84946
13 96 9.4693
13 97 14.6845
13 98 13.4703
13 99 10.7999
13 100 7.07879
14 1 8.13565
14 2 12.8851
14 3 18.706
14 4 10.8878
14 5 7.12976
14 6 21.6971
14 7 13.7178
14 8 18.3127
14 9 6.977
14 10 13.0235
14 11 22.983
14 12 18.6532
14 13 8.76586
14 14 0
14 15 15.7924
14 16 6.89146
14 17 5.79511
14 18 7.40901
14 19 17.6241
14 20 16.105
14 21 13.5737
14 22 16.5481
14 23 15.7348
14 24 18.0018
14 25 15.4714
14 26 4.8343
14 27 8.13439
14 28 15.5816
14 29 22.8527
14 30 1.79671
14 31 6.19466
14 32 11.0266
14 33 12.1855
14 34 11.5686
14 35 17.2728
14 36 17.0187
14 37 10.507
14 38 20.57
14 39 11.7206
14 40 18.4874
14 41 5.12118
14 42 15.6811
14 43 18.2944
14 44 5.71387
14 45 8.02141
14 46 19.6365
14 47 18.6202
14 48 16.9294
14 49 15.4502
14 50 18.7293
14 51 22.4079
14 52 8.70564
14 53 18.089
14 54 17.8261
14 55 11.4027
14 56 6.74559
14 57 13.9552
14 58 24.1775
14 59 20.8493
14 60 9.69829
14 61 16.5255
14 62 1.61719
14 63 9.48737
14 64 12.9374
14 65 19.579
14 66 14.0063
14 67 8.94427
14 68 19.7325
14 69 2.94164
14 70 13.0483
14 71 21.4553
14 72 14.8004
14 73 2.46046
14 74 1.68128
14 75 18.1
14 76 16.7058
14 77 8.93433
14 78 9.81455
14 79 15.5289
14 80 17.5724
14 81 7.97787
14 82 12.3007
14 83 6.41381
14 84 7.00688
14 85 5.37995
14 86 17.2667
14 87 25.5837
14 88 13.2121
14 89 8.27813
14 90 9.07258
14 91 13.5693
14 92 25.7283
14 93 15.959
14 94 14.9164
14 95 15.1785
14 96 18.063
14 97 7.10418
14 98 21.3816
14 99 11.0683
14 100 6.83994
15 1 21.5843
15 2 22.9527
15 3 11.5086
15 4 24.5586
15 5 22.2495
15 6 22.3767
15 7 17.4912
15 8 18.2155
15 9 22.2833
15 10 8.39783
15 11 17.4493
15 12 29.1525
15 13 15.5478
15 14 15.7924
15 15 0
15 16 11.7622
15 17 10.1201
15 18 22.1292
15 19 10.1051
15 20 27.6357
15 21 24.8832
15 22 17.9218
15 23 6.14813
15 24 21.8608
15 25 8.98112
15 26 11.1396
15 27 8.179
15 28 19.8795
15 29 19.5376
15 30 17.2115
15 31 17.9119
15 32 6.49268
15 33 20.7123
15 34 9.80511
15 35 27.1446
15 36 2.62284
15 37 17.56
15 38 24.7279
15 39 22.5068
15 40 19.5581
15 41 11.1184
15 42 2.03889
15 43 23.9566
15 44 19.9027
15 45 21.4665
15 46 24.4588
15 47 27.2189
15 48 11.1727
15 49 10.2397
15 50 20.2188
15 51 22.8742
15 52 18.9749
15 53 23.7138
15 54 16.9064
15 55 4.88921
15 56 9.31744
15 57 18.5959
15 58 20.7418
15 59 29.9784
15 60 16.0112
15 61 21.8853
15 62 17.3104
15 63 7.1892
15 64 9.8923
15 65 20.1414
15 66 1.80315
15 67 7.71658
15 68 25.5642
15 69 16.6748
15 70 6.22752
15 71 31.9856
15 72 8.66144
15 73 18.1824
15 74 16.0451
15 75 19.4967
15 76 14.7715
15 77 9.88491
15 78 22.7141
15 79 17.8291
15 80 27.1697
15 81 10.6481
15 82 16.0965
15 83 14.0045
15 84 13.9265
15 85 21.0474
15 86 17.5946
15 87 22.0215
15 88 18.5761
15 89 7.63802
15 90 18.0348
15 91 26.4383
15 92 22.7437
15 93 9.97041
15 94 27.208
15 95 20.7699
15 96 18.053
15 97 22.3403
15 98 17.1535
15 99 25.0515
15 100 9.6554
16 1 9.95649
16 2 11.4844
16 3 11.8638
16 4 12.8752
16 5 13.9292
16 6 15.9497
16 7 8.39087
16 8 12.1211
16 9 11.4288
16 10 6.40271
16 11 16.1467
16 12 17.7917
16 13 4.31744
16 14 6.89146
16 15 11.7622
16 16 0
16 17 5.71359
16 18 10.8917
16 19 10.859
16 20 16.0092
16 21 13.2343
16 22 10.6294
16 23 9.60649
16 24 13.1755
16 25 8.76236
16 26 3.63472
16 27 7.34382
16 28 10.7326
16 29 16.2538
16 30 8.68557
16 31 6.22216
16 32 5.5004
16 33 9.5482
16 34 4.74244
16 35 15.9038
16 36 12.0545
16 37 6.59636
16 38 16.0565
16 39 10.8722
16 40 12.6448
16 41 2.97854
16 42 10.8703
16 43 14.3599
16 44 8.63605
16 45 9.84369
16 46 15.3716
16 47 16.425
16 48 10.0597
16 49 8.60606
16 50 13.0417
16 51 16.6356
16 52 7.26704
16 53 14.1207
16 54 11.4024
16 55 9.04065
16 56 6.36657
16 57 9.08376
16 58 17.6043
16 59 19.0854
16 60 5.10465
16 61 12.2976
16 62 8.41197
16 63 8.43087
16 64 6.09226
16 65 13.6629
16 66 10.0438
16 67 4.08997
16 68 15.9768
16 69 5.94741
16 70 7.04415
16 71 20.6824
16 72 8.12448
16 73 9.12989
16 74 8.23275
16 75 12.3308
16 76 10.0174
16 77 2.34235
16 78 10.975
16 79 9.8231
16 80 16.0161
16 81 1.31001
16 82 6.75392
16 83 2.24288
16 84 2.24409
16 85 10.7801
16 86 11.1029
16 87 19.0329
16 88 8.62875
16 89 4.91577
16 90 6.48799
16 91 14.6761
16 92 19.2793
16 93 9.14877
16 94 15.4763
16 95 10.9493
16 96 11.8748
16 97 13.8619
16 98 14.6182
16 99 13.4155
16 100 2.76269
17 1 12.9114
17 2 16.2314
17 3 15.3704
17 4 15.8852
17 5 12.1716
17 6 21.5388
17 7 14.1037
17 8 17.5678
17 9 12.6437
17 10 9.49605
17 11 20.5817
17 12 22.4706
17 13 9.78142
17 14 5.79511
17 15 10.1201
17 16 5.71359
17 17 0
17 18 12.8131
17 19 14.0519
17 20 20.2904
17 21 17.5561
17 22 16.2249
17 23 11.2412
17 24 18.8874
17 25 11.8897
17 26 2.28472
17 27 2.41878
17 28 16.4394
17 29 21.2409
17 30 7.10032
17 31 9.77313
17 32 6.55945
17 33 14.71
17 34 8.77895
17 35 20.7637
17 36 11.6248
17 37 12.044
17 38 21.7595
17 39 15.3417
17 40 18.2374
17 41 2.84693
17 42 10.2728
17 43 19.9827
17 44 10.767
17 45 12.7892
17 46 21.0493
17 47 21.6091
17 48 13.8522
17 49 12.3169
17 50 18.6742
17 51 22.2107
17 52 11.7635
17 53 19.7472
17 54 16.6977
17 55 5.60767
17 56 1.00434
17 57 14.7834
17 58 22.6039
17 59 24.1532
17 60 10.6658
17 61 17.9492
17 62 7.23426
17 63 3.79548
17 64 10.043
17 65 19.2169
17 66 8.3713
17 67 4.57365
17 68 21.581
17 69 7.41129
17 70 8.68469
17 71 25.3663
17 72 11.1975
17 73 8.10242
17 74 5.92647
17 75 17.9492
17 76 15.0329
17 77 6.2685
17 78 14.3907
17 79 15.4858
17 80 20.9543
17 81 5.847
17 82 12.4647
17 83 7.16335
17 84 7.52026
17 85 11.1649
17 86 16.5851
17 87 24.0407
17 88 14.2902
17 89 3.16505
17 90 11.4356
17 91 18.2764
17 92 24.4045
17 93 12.6426
17 94 19.4037
17 95 16.5865
17 96 17.3282
17 97 12.2461
17 98 19.3296
17 99 16.2164
17 100 3.36831
18 1 2.3573
18 2 8.21384
18 3 21.7877
18 4 3.76845
18 5 8.10254
18 6 20.528
18 7 13.185
18 8 18.3134
18 9 1.54446
18 10 17.073
18 11 24.5234
18 12 12.5142
18 13 9.36359
18 14 7.40901
18 15 22.1292
18 16 10.8917
18 17 12.8131
18 18 0
18 19 21.0974
18 20 9.66968
18 21 7.71649
18 22 16.3051
18 23 20.4633
18 24 15.9389
18 25 19.2099
18 26 11.1167
18 27 15.231
18 28 13.9866
18 29 23.4139
18 30 7.23243
18 31 5.07724
18 32 16.3055
18 33 9.05584
18 34 15.1902
18 35 11.6824
18 36 22.8174
18 37 9.51675
18 38 17.7642
18 39 6.89045
18 40 17.8363
18 41 11.0362
18 42 21.565
18 43 15.0993
18 44 2.26065
18 45 2.34914
18 46 16.6413
18 47 13.588
18 48 19.912
18 49 18.6975
18 50 17.7932
18 51 21.2157
18 52 6.29709
18 53 14.9639
18 54 18.375
18 55 18.2633
18 56 13.8145
18 57 12.7753
18 58 24.576
18 59 15.2187
18 60 9.86227
18 61 13.9743
18 62 6.71417
18 63 16.6077
18 64 16.3612
18 65 18.9205
18 66 20.3318
18 67 14.5353
18 68 16.138
18 69 5.49023
18 70 17.9351
18 71 15.0584
18 72 18.6527
18 73 6.21983
18 74 8.42065
18 75 17.38
18 76 18.0874
18 77 13.2131
18 78 3.71376
18 79 15.1267
18 80 12.1034
18 81 12.1967
18 82 12.4612
18 83 8.93424
18 84 9.32838
18 85 3.25745
18 86 17.3502
18 87 25.8337
18 88 11.8947
18 89 14.5247
18 90 7.58968
18 91 6.63578
18 92 25.6884
18 93 19.3387
18 94 8.1729
18 95 12.913
18 96 18.0882
18 97 7.80155
18 98 22.6328
18 99 3.75749
18 100 12.4872
19 1 19.5575
19 2 18.1797
19 3 1.47002
19 4 22.0416
19 5 24.7379
19 6 12.959
19 7 10.7698
19 8 9.14694
19 9 21.9249
19 10 4.65021
19 11 7.42434
19 12 23.5069
19 13 11.9398
19 14 17.6241
19 15 10.1051
19 16 10.859
19 17 14.0519
19 18 21.0974
19 19 0
19 20 22.9064
19 21 20.4914
19 22 9.64738
19 23 4.00316
19 24 13.8294
19 25 2.18436
19 26 13.2451
19 27 13.7653
19 28 12.5766
19 29 9.45746
19 30 19.4143
19 31 16.0298
19 32 7.58416
19 33 15.6274
19 34 6.1201
19 35 21.3958
19 36 7.97543
19 37 12.8736
19 38 16.3467
19 39 18.3209
19 40 10.7124
19 41 12.736
19 42 8.06634
19 43 16.4113
19 44 18.9531
19 45 19.469
19 46 16.4184
19 47 20.6996
19 48 1.68218
19 49 2.40703
19 50 11.4233
19 51 13.3428
19 52 15.6625
19 53 16.1947
19 54 7.78546
19 55 12.2807
19 56 13.9327
19 57 11.9339
19 58 10.6396
19 59 23.3931
19 60 11.762
19 61 14.6173
19 62 19.2003
19 63 13.77
19 64 4.80616
19 65 10.9765
19 66 9.80144
19 67 9.47846
19 68 17.8361
19 69 16.7343
19 70 5.59672
19 71 26.0246
19 72 2.87762
19 73 19.9554
19 74 18.7553
19 75 10.8112
19 76 5.83294
19 77 8.6899
19 78 19.9691
19 79 10.0954
19 80 21.2477
19 81 9.66533
19 82 10.1158
19 83 12.3019
19 84 11.8299
19 85 21.5417
19 86 8.88209
19 87 11.9181
19 88 12.3574
19 89 11.0001
19 90 14.3245
19 91 22.9106
19 92 12.6414
19 93 1.75953
19 94 23.103
19 95 13.9244
19 96 9.06044
19 97 24.6877
19 98 7.06073
19 99 22.7271
19 100 11.14
20 1 8.05066
20 2 4.79986
20 3 22.9868
20 4 6.0251
20 5 17.616
20 6 16.4135
20 7 12.2705
20 8 16.2789
20 9 11.0495
20 10 20.3533
20 11 23.3155
20 12 2.9178
20 13 12.1138
20 14 16.105
20 15 27.6357
20 16 16.0092
20 17 20.2904
20 18 9.66968
20 19 22.9064
20 20 0
20 21 2.77829
20 22 14.5297
20 23 23.9563
20 24 11.7337
20 25 21.683
20 26 18.1125
20 27 22.5753
20 28 11.2233
20 29 21.0929
20 30 16.5033
20 31 10.5201
20 32 21.161
20 33 7.30971
20 34 18.4523
20 35 3.07989
20 36 27.4609
20 37 10.3321
20 38 11.9546
20 39 5.1396
20 40 15.0517
20 41 17.7343
20 42 26.4554
20 43 9.45688
20 44 10.5026
20 45 8.15436
20 46 10.8354
20 47 5.39223
20 48 21.3188
20 49 20.674
20 50 14.6299
20 51 16.941
20 52 8.75537
20 53 9.4792
20 54 17.0463
20 55 24.9387
20 56 21.2511
20 57 11.1906
20 58 21.8698
20 59 5.91455
20 60 11.7811
20 61 9.78356
20 62 15.9346
20 63 23.8815
20 64 19.0872
20 65 15.8486
20 66 25.9837
20 67 20.0885
20 68 9.55883
20 69 13.3318
20 70 22.0316
20 71 5.41325
20 72 21.3714
20 73 15.6365
20 74 17.4976
20 75 14.6287
20 76 17.901
20 77 17.7524
20 78 6.33009
20 79 13.5522
20 80 3.58462
20 81 17.0127
20 82 12.7985
20 83 13.8059
20 84 13.776
20 85 12.9263
20 86 15.6883
20 87 22.7667
20 88 10.6135
20 89 20.8088
20 90 9.60093
20 91 3.29969
20 92 22.2622
20 93 21.3475
20 94 1.72937
20 95 9.67492
20 96 16.145
20 97 17.2952
20 98 21.3385
20 99 6.38746
20 100 18.5626
21 1 5.7472
21 2 2.3521
21 3 20.6698
21 4 4.5721
21 5 15.8163
21 6 15.2834
21 7 10.0761
21 8 14.5132
21 9 9.2137
21 10 17.724
21 11 21.491
21 12 5.07998
21 13 9.39262
21 14 13.5737
21 15 24.8832
21 16 13.2343
21 17 17.5561
21 18 7.71649
21 19 20.4914
21 20 2.77829
21 21 0
21 22 12.6383
21 23 21.3382
21 24 10.4668
21 25 19.1609
21 26 15.3617
21 27 19.8231
21 28 9.44706
21 29 19.5157
21 30 14.1207
21 31 7.80353
21 32 18.4184
21 33 4.88976
21 34 15.8026
21 35 3.96691
21 36 24.7601
21 37 7.72911
21 38 11.3526
21 39 2.3766
21 40 13.4558
21 41 14.9723
21 42 23.7335
21 43 8.66315
21 44 8.13022
21 45 5.83379
21 46 10.1871
21 47 5.95213
21 48 18.945
21 49 18.2055
21 50 13.1337
21 51 15.88
21 52 5.9772
21 53 8.61365
21 54 15.1248
21 55 22.1614
21 56 18.5093
21 57 9.09086
21 58 20.4134
21 59 7.53062
21 60 9.1182
21 61 8.39614
21 62 13.5436
21 63 21.1221
21 64 16.5012
21 65 14.3644
21 66 23.2217
21 67 17.3162
21 68 9.23775
21 69 10.731
21 70 19.3439
21 71 7.90185
21 72 18.8152
21 73 13.3305
21 74 15.0359
21 75 13.0082
21 76 15.7496
21 77 15.0052
21 78 4.06314
21 79 11.5713
21 80 4.38922
21 81 14.2497
21 82 10.387
21 83 11.0281
21 84 11.0039
21 85 10.927
21 86 13.8083
21 87 21.4294
21 88 8.40407
21 89 18.0308
21 90 6.85385
21 91 2.98533
21 92 21.0259
21 93 18.8837
21 94 2.62311
21 95 7.94088
21 96 14.3513
21 97 15.5118
21 98 19.5028
21 99 5.18765
21 100 15.7847
22 1 14.1238
22 2 10.3304
22 3 9.20429
22 4 15.6583
22 5 22.6441
22 6 5.32155
22 7 3.1266
22 8 2.01347
22 9 17.6169
22 10 9.54424
22 11 8.85278
22 12 14.4798
22 13 7.85197
22 14 16.5481
22 15 17.9218
22 16 10.6294
22 17 16.2249
22 18 16.3051
22 19 9.64738
22 20 14.5297
22 21 12.6383
22 22 0
22 23 12.317
22 24 4.18746
22 25 9.38885
22 26 14.2615
22 27 17.3694
22 28 3.32614
22 29 7.15124
22 30 18.1611
22 31 11.8001
22 32 12.3023
22 33 8.01277
22 34 8.54092
22 35 12.4191
22 36 16.5722
22 37 6.82399
22 38 6.86639
22 39 11.0102
22 40 2.01596
22 41 13.6037
22 42 16.0935
22 43 6.78867
22 44 14.7492
22 45 14.085
22 46 6.79887
22 47 11.328
22 48 7.97137
22 49 8.08578
22 50 2.48342
22 51 6.00637
22 52 10.0083
22 53 6.58095
22 54 2.51699
22 55 17.7626
22 56 16.7111
22 57 3.67838
22 58 8.27331
22 59 13.9219
22 60 6.98642
22 61 5.16178
22 62 17.7078
22 63 18.1163
22 64 8.07137
22 65 3.05426
22 66 16.8446
22 67 12.7966
22 68 8.18876
22 69 14.2445
22 70 11.7338
22 71 16.7459
22 72 9.46289
22 73 18.1515
22 74 18.1617
22 75 1.73876
22 76 3.84769
22 77 10.196
22 78 13.7379
22 79 1.18045
22 80 12.1723
22 81 10.3953
22 82 4.26097
22 83 10.1746
22 84 9.59596
22 85 18.1351
22 86 1.17007
22 87 9.5353
22 88 4.52087
22 89 14.3879
22 90 8.7567
22 91 15.5024
22 92 9.45334
22 93 8.61314
22 94 15.1935
22 95 4.86723
22 96 1.79989
22 97 22.4674
22 98 6.86456
22 99 16.4165
22 100 12.9178
23 1 19.3052
23 2 19.1568
23 3 5.45071
23 4 22.0683
23 5 22.8212
23 6 16.3982
23 7 12.5402
23 8 12.3221
23 9 21.0348
23 10 3.6185
23 11 11.4201
23 12 25.0025
23 13 12.089
23 14 15.7348
23 15 6.14813
23 16 9.60649
23 17 11.2412
23 18 20.4633
23 19 4.00316
23 20 23.9563
23 21 21.3382
23 22 12.317
23 23 0
23 24 16.4332
23 25 2.96981
23 26 10.9924
23 27 10.4616
23 28 14.7375
23 29 13.3931
23 30 17.4584
23 31 15.5851
23 32 4.76727
23 33 16.6886
23 34 5.56603
23 35 22.912
23 36 4.2928
23 37 13.6262
23 38 19.1829
23 39 19.0191
23 40 13.7632
23 41 10.6208
23 42 4.12056
23 43 18.7808
23 44 18.2192
23 45 19.2013
23 46 19.0624
23 47 22.59
23 48 5.03871
23 49 4.28329
23 50 14.4517
23 51 16.8589
23 52 15.8591
23 53 18.5467
23 54 10.9764
23 55 8.5014
23 56 10.9069
23 57 13.713
23 58 14.6093
23 59 25.3489
23 60 12.2284
23 61 16.8039
23 62 17.3516
23 63 10.2286
23 64 4.89948
23 65 14.2362
23 66 5.81065
23 67 6.87788
23 68 20.3242
23 69 15.494
23 70 2.68649
23 71 27.7014
23 72 2.86913
23 73 18.176
23 74 16.5938
23 75 13.7619
23 76 8.85281
23 77 7.26557
23 78 20.0462
23 79 12.4423
23 80 22.8469
23 81 8.29695
23 82 11.4299
23 83 11.5541
23 84 11.2291
23 85 20.3
23 86 11.8166
23 87 15.9082
23 88 13.9048
23 89 8.07637
23 90 14.6549
23 91 23.4061
23 92 16.6103
23 93 3.89857
23 94 23.8656
23 95 15.863
23 96 12.1835
23 97 22.821
23 98 11.0151
23 99 22.6845
23 100 8.90589
24 1 13.5957
24 2 8.46128
24 3 13.3285
24 4 14.3438
24 5 23.2199
24 6 4.82406
24 7 4.81369
24 8 5.14371
24 9 17.4112
24 10 13.466
24 11 11.9583
24 12 11.0572
24 13 9.40464
24 14 18.0018
24 15 21.8608
24 16 13.1755
24 17 18.8874
24 18 15.9389
24 19 13.8294
24 20 11.7337
24 21 10.4668
24 22 4.18746
24 23 16.4332
24 24 0
24 25 13.5357
24 26 16.7298
24 27 20.3755
24 28 2.47007
24 29 9.43711
24 30 19.4025
24 31 12.332
24 32 15.9286
24 33 6.8883
24 34 12.2026
24 35 9.14352
24 36 20.6526
24 37 7.49705
24 38 2.94365
24 39 9.52815
24 40 3.61245
24 41 16.0947
24 42 20.1
24 43 2.75844
24 44 14.8802
24 45 13.5931
24 46 2.62929
24 47 7.61498
24 48 12.1561
24 49 12.2435
24 50 3.03365
24 51 5.44595
24 52 10.0025
24 53 2.59627
24 54 6.31711
24 55 21.2293
24 56 19.5219
24 57 4.14321
24 58 10.1439
24 59 10.0154
24 60 8.45196
24 61 2.08511
24 62 18.8819
24 63 21.2841
24 64 11.9694
24 65 4.18903
24 66 20.6695
24 67 16.076
24 68 4.01583
24 69 15.3164
24 70 15.6349
24 71 13.0096
24 72 13.5663
24 73 19.1515
24 74 19.6793
24 75 3.295
24 76 8.00853
24 77 13.3501
24 78 12.7229
24 79 4.03339
24 80 8.79686
24 81 13.294
24 82 6.45786
24 83 12.0711
24 84 11.5735
24 85 18.3672
24 86 5.0208
24 87 11.041
24 88 4.80096
24 89 17.5423
24 90 9.12266
24 91 13.4521
24 92 10.5795
24 93 12.7878
24 94 12.7622
24 95 3.03728
24 96 5.10867
24 97 22.994
24 98 10.0618
24 99 15.088
24 100 15.7726
25 1 17.7822
25 2 16.9002
25 3 3.49137
25 4 20.3749
25 5 22.5933
25 6 13.4446
25 7 9.86964
25 8 9.35288
25 9 19.9704
25 10 2.46825
25 11 9.15526
25 12 22.5187
25 13 10.2467
25 14 15.4714
25 15 8.98112
25 16 8.76236
25 17 11.8897
25 18 19.2099
25 19 2.18436
25 20 21.683
25 21 19.1609
25 22 9.38885
25 23 2.96981
25 24 13.5357
25 25 0
25 26 11.0616
25 27 11.6995
25 28 11.9502
25 29 10.7369
25 30 17.258
25 31 14.1731
25 32 5.48504
25 33 14.3735
25 34 4.06342
25 35 20.4123
25 36 7.26256
25 37 11.446
25 38 16.248
25 39 16.9113
25 40 10.7962
25 41 10.556
25 42 6.99789
25 43 15.9505
25 44 17.0288
25 45 17.6882
25 46 16.1638
25 47 19.9339
25 48 2.31513
25 49 1.31542
25 50 11.4868
25 51 13.9183
25 52 14.0251
25 53 15.7206
25 54 8.00935
25 55 10.4664
25 56 11.8012
25 57 11.0513
25 58 12.0133
25 59 22.6755
25 60 10.1939
25 61 14.0203
25 62 17.0555
25 63 11.793
25 64 2.85498
25 65 11.2685
25 66 8.34756
25 67 7.31696
25 68 17.4662
25 69 14.6794
25 70 3.62936
25 71 25.1454
25 72 0.694694
25 73 17.8207
25 74 16.5812
25 75 10.8019
25 76 5.88345
25 77 6.5444
25 78 18.3123
25 79 9.58462
25 80 20.3106
25 81 7.53814
25 82 8.93655
25 83 10.3285
25 84 9.89015
25 85 19.5035
25 86 8.85361
25 87 13.3707
25 88 11.339
25 89 8.86921
25 90 12.7288
25 91 21.433
25 92 13.998
25 93 1.0108
25 94 21.7437
25 95 13.1584
25 96 9.2137
25 97 22.5492
25 98 8.42494
25 99 21.0377
25 100 8.95568
26 1 10.9468
26 2 13.9758
26 3 14.453
26 4 13.9475
26 5 11.8383
26 6 19.5826
26 7 11.981
26 8 15.7186
26 9 11.1594
26 10 8.59511
26 11 19.2922
26 12 20.2358
26 13 7.52643
26 14 4.8343
26 15 11.1396
26 16 3.63472
26 17 2.28472
26 18 11.1167
26 19 13.2451
26 20 18.1125
26 21 15.3617
26 22 14.2615
26 23 10.9924
26 24 16.7298
26 25 11.0616
26 26 0
26 27 4.46276
26 28 14.2696
26 29 19.6737
26 30 6.49057
26 31 7.62627
26 32 6.24045
26 33 12.4256
26 34 7.47493
26 35 18.5045
26 36 12.2106
26 37 9.77676
26 38 19.576
26 39 13.1163
26 40 16.2773
26 41 0.658423
26 42 10.8818
26 43 17.7416
26 44 8.95953
26 45 10.8247
26 46 18.8377
26 47 19.3263
26 48 12.7902
26 49 11.26
26 50 16.6763
26 51 20.267
26 52 9.51533
26 53 17.5079
26 54 14.9429
26 55 7.17175
26 56 3.16783
26 57 12.604
26 58 21.0335
26 59 21.878
26 60 8.42609
26 61 15.7239
26 62 6.43969
26 63 5.78362
26 64 8.82496
26 65 17.2899
26 66 9.33741
26 67 4.13616
26 68 19.3318
26 69 5.62676
26 70 8.31427
26 71 23.135
26 72 10.3709
26 73 7.29412
26 74 5.60672
26 75 15.9653
26 76 13.4247
26 77 4.78958
26 78 12.344
26 79 13.4556
26 80 18.6876
26 81 4.09742
26 82 10.3563
26 83 4.88616
26 84 5.26396
26 85 9.92298
26 86 14.7098
26 87 22.4689
26 88 12.0771
26 89 3.51317
26 90 9.1538
26 91 16.2227
26 92 22.7667
26 93 11.6829
26 94 17.2882
26 95 14.3559
26 96 15.4741
26 97 11.8498
26 98 17.8987
26 99 14.3343
26 100 2.12105
27 1 15.3059
27 2 18.3961
27 3 15.1729
27 4 18.2879
27 5 14.1242
27 6 22.6184
27 7 15.5619
27 8 18.514
27 9 15.0397
27 10 9.50487
27 11 20.7315
27 12 24.6764
27 13 11.6197
27 14 8.13439
27 15 8.179
27 16 7.34382
27 17 2.41878
27 18 15.231
27 19 13.7653
27 20 22.5753
27 21 19.8231
27 22 17.3694
27 23 10.4616
27 24 20.3755
27 25 11.6995
27 26 4.46276
27 27 0
27 28 17.9743
27 29 21.741
27 30 9.29695
27 31 12.0828
27 32 6.21889
27 33 16.7284
27 34 9.28117
27 35 22.9138
27 36 10.0161
27 37 13.9057
27 38 23.294
27 39 17.5674
27 40 19.3531
27 41 4.8756
27 42 8.68858
27 43 21.6932
27 44 13.183
27 45 15.1837
27 46 22.6628
27 47 23.6401
27 48 13.8581
27 49 12.3662
27 50 19.8499
27 51 23.2641
27 52 13.9518
27 53 21.4528
27 54 17.5164
27 55 3.39003
27 56 1.41661
27 57 16.3561
27 58 23.0949
27 59 26.2387
27 60 12.4431
27 61 19.6191
27 62 9.49442
27 63 1.3768
27 64 10.3745
27 65 20.2679
27 66 6.54057
27 67 4.73894
27 68 23.3147
27 69 9.8254
27 70 8.18097
27 71 27.5774
27 72 11.0349
27 73 10.3499
27 74 8.04694
27 75 19.1081
27 76 15.6787
27 77 7.1739
27 78 16.7599
27 79 16.7534
27 80 23.0798
27 81 7.08353
27 82 13.9184
27 83 9.13482
27 84 9.40211
27 85 13.5143
27 86 17.5843
27 87 24.521
27 88 15.9517
27 89 3.05406
27 90 13.5039
27 91 20.6447
27 92 24.9735
27 93 12.5706
27 94 21.7394
27 95 18.2807
27 96 18.285
27 97 14.2333
27 98 19.6731
27 99 18.6282
27 100 4.62123
28 1 11.6871
28 2 7.20036
28 3 12.3153
28 4 12.8207
28 5 20.9947
28 6 6.54936
28 7 2.46421
28 8 5.07967
28 9 15.4083
28 10 11.5429
28 11 12.1024
28 12 11.1778
28 13 6.93973
28 14 15.5816
28 15 19.8795
28 16 10.7326
28 17 16.4394
28 18 13.9866
28 19 12.5766
28 20 11.2233
28 21 9.44706
28 22 3.32614
28 23 14.7375
28 24 2.47007
28 25 11.9502
28 26 14.2696
28 27 17.9743
28 28 0
28 29 10.0826
28 30 17.0183
28 31 10.0525
28 32 13.764
28 33 5.1235
28 34 10.1072
28 35 9.10453
28 36 18.8572
28 37 5.10403
28 38 5.32589
28 39 8.03904
28 40 4.05745
28 41 13.6372
28 42 18.2025
28 43 4.08044
28 44 12.7411
28 45 11.6694
28 46 4.72768
28 47 8.14025
28 48 10.8986
28 49 10.7132
28 50 3.86192
28 51 7.2453
28 52 7.84375
28 53 3.83944
28 54 5.83903
28 55 18.9575
28 56 17.0903
28 57 1.67316
28 58 11.038
28 59 10.8167
28 60 5.98624
28 61 2.07028
28 62 16.5076
28 63 18.9163
28 64 10.0514
28 65 5.05719
28 66 18.5968
28 67 13.7645
28 68 5.68585
28 69 12.9445
28 70 13.664
28 71 13.5214
28 72 11.8797
28 73 16.8113
